# X-nullcline
0.000105234 65 1 
0.000109255 64.25 1 

0.000109255 64.25 1 
0.00011343 63.5 1 

0.00011343 63.5 1 
0.000117764 62.75 1 

0.000117764 62.75 1 
0.000122264 62 1 

0.000122264 62 1 
0.000126936 61.25 1 

0.000126936 61.25 1 
0.000131786 60.5 1 

0.000131786 60.5 1 
0.000136822 59.75 1 

0.000136822 59.75 1 
0.000142051 59 1 

0.000142051 59 1 
0.000147479 58.25 1 

0.000147479 58.25 1 
0.000153115 57.5 1 

0.000153115 57.5 1 
0.000158966 56.75 1 

0.000158966 56.75 1 
0.000165041 56 1 

0.000165041 56 1 
0.000171348 55.25 1 

0.000171348 55.25 1 
0.000177896 54.5 1 

0.000177896 54.5 1 
0.000184694 53.75 1 

0.000184694 53.75 1 
0.000191752 53 1 

0.000191752 53 1 
0.000199081 52.25 1 

0.000199081 52.25 1 
0.000206689 51.5 1 

0.000206689 51.5 1 
0.000214588 50.75 1 

0.000214588 50.75 1 
0.000222789 50 1 

0.00022279 50 1 
0.000231305 49.25 1 

0.000231304 49.25 1 
0.000240145 48.5 1 

0.000240145 48.5 1 
0.000249324 47.75 1 

0.000249324 47.75 1 
0.000258854 47 1 

0.000258854 47 1 
0.000268748 46.25 1 

0.000268748 46.25 1 
0.000279021 45.5 1 

0.000279021 45.5 1 
0.000289687 44.75 1 

0.000289687 44.75 1 
0.000300762 44 1 

0.000300761 44 1 
0.00031226 43.25 1 

0.00031226 43.25 1 
0.000324198 42.5 1 

0.000324198 42.5 1 
0.000336593 41.75 1 

0.000336593 41.75 1 
0.000349464 41 1 

0.000349463 41 1 
0.000362826 40.25 1 

0.000362827 40.25 1 
0.000376701 39.5 1 

0.000376701 39.5 1 
0.000391108 38.75 1 

0.000391108 38.75 1 
0.000406067 38 1 

0.000406067 38 1 
0.000421599 37.25 1 

0.000421599 37.25 1 
0.000437727 36.5 1 

0.000437727 36.5 1 
0.000454474 35.75 1 

0.000454474 35.75 1 
0.000471863 35 1 

0.000471862 35 1 
0.00048992 34.25 1 

0.00048992 34.25 1 
0.00050867 33.5 1 

0.00050867 33.5 1 
0.00052814 32.75 1 

0.00052814 32.75 1 
0.000548359 32 1 

0.000548359 32 1 
0.000569356 31.25 1 

0.000569356 31.25 1 
0.00059116 30.5 1 

0.00059116 30.5 1 
0.000613804 29.75 1 

0.000613804 29.75 1 
0.00063732 29 1 

0.00063732 29 1 
0.000661743 28.25 1 

0.000661743 28.25 1 
0.000687108 27.5 1 

0.000687107 27.5 1 
0.000713452 26.75 1 

0.000713452 26.75 1 
0.000740814 26 1 

0.000740814 26 1 
0.000769234 25.25 1 

0.000769234 25.25 1 
0.000798754 24.5 1 

0.000798754 24.5 1 
0.000829419 23.75 1 

0.000829418 23.75 1 
0.000861273 23 1 

0.000861273 23 1 
0.000894364 22.25 1 

0.000894364 22.25 1 
0.000928743 21.5 1 

0.000928743 21.5 1 
0.000964461 20.75 1 

0.000964461 20.75 1 
0.00100157 20 1 

0.00100157 20 1 
0.00104013 19.25 1 

0.00104013 19.25 1 
0.00108021 18.5 1 

0.0010802 18.5 1 
0.00112185 17.75 1 

0.00112185 17.75 1 
0.00116513 17 1 

0.00116513 17 1 
0.00121011 16.25 1 

0.00121011 16.25 1 
0.00125687 15.5 1 

0.00125687 15.5 1 
0.00130548 14.75 1 

0.00130548 14.75 1 
0.00135602 14 1 

0.00135602 14 1 
0.00140858 13.25 1 

0.00140858 13.25 1 
0.00146323 12.5 1 

0.00146323 12.5 1 
0.00152007 11.75 1 

0.00152007 11.75 1 
0.0015792 11 1 

0.0015792 11 1 
0.00164071 10.25 1 

0.00164071 10.25 1 
0.00170472 9.5 1 

0.00170472 9.5 1 
0.00177133 8.75 1 

0.00177133 8.75 1 
0.00184067 8 1 

0.00184067 8 1 
0.00191286 7.25 1 

0.00191286 7.25 1 
0.00198803 6.5 1 

0.00198804 6.5 1 
0.002 6.38531 1 

0.00206634 5.75 1 
0.002 6.38531 1 

0.00206634 5.75 1 
0.00214791 5 1 

0.00214791 5 1 
0.00223292 4.25 1 

0.00223292 4.25 1 
0.00232154 3.5 1 

0.00232154 3.5 1 
0.00241393 2.75 1 

0.00241394 2.75 1 
0.00251031 2 1 

0.00251031 2 1 
0.00261087 1.25 1 

0.00261087 1.25 1 
0.00271583 0.5 1 

0.00271583 0.5 1 
0.00282543 -0.25 1 

0.00282543 -0.25 1 
0.00293992 -1 1 

0.00293992 -1 1 
0.00305957 -1.75 1 

0.00305957 -1.75 1 
0.00318467 -2.5 1 

0.00318467 -2.5 1 
0.00331554 -3.25 1 

0.00331554 -3.25 1 
0.00345251 -4 1 

0.00345251 -4 1 
0.00359595 -4.75 1 

0.00359595 -4.75 1 
0.00374626 -5.5 1 

0.00374626 -5.5 1 
0.00390386 -6.25 1 

0.00390386 -6.25 1 
0.00406922 -7 1 

0.00406922 -7 1 
0.00424283 -7.75 1 

0.00424283 -7.75 1 
0.00442525 -8.5 1 

0.00442525 -8.5 1 
0.00461708 -9.25 1 

0.00461708 -9.25 1 
0.00481894 -10 1 

0.00481894 -10 1 
0.00503157 -10.75 1 

0.00503157 -10.75 1 
0.00525572 -11.5 1 

0.00525572 -11.5 1 
0.00549225 -12.25 1 

0.00549225 -12.25 1 
0.00574207 -13 1 

0.00574207 -13 1 
0.00600621 -13.75 1 

0.00600621 -13.75 1 
0.00628576 -14.5 1 

0.00628576 -14.5 1 
0.00658196 -15.25 1 

0.00658196 -15.25 1 
0.00689614 -16 1 

0.00689614 -16 1 
0.00722978 -16.75 1 

0.00722978 -16.75 1 
0.0075845 -17.5 1 

0.0075845 -17.5 1 
0.00796208 -18.25 1 

0.00796208 -18.25 1 
0.008 -18.3214 1 

0.00836449 -19 1 
0.008 -18.3214 1 

0.00836449 -19 1 
0.00879393 -19.75 1 

0.00879392 -19.75 1 
0.00925276 -20.5 1 

0.00925276 -20.5 1 
0.00974365 -21.25 1 

0.00974365 -21.25 1 
0.0102695 -22 1 

0.0102695 -22 1 
0.0108336 -22.75 1 

0.0108336 -22.75 1 
0.0114395 -23.5 1 

0.0114395 -23.5 1 
0.0120911 -24.25 1 

0.0120911 -24.25 1 
0.0127928 -25 1 

0.0127928 -25 1 
0.0135494 -25.75 1 

0.0135494 -25.75 1 
0.014 -26.1675 1 

0.0143664 -26.5 1 
0.014 -26.1675 1 

0.0143664 -26.5 1 
0.0152495 -27.25 1 

0.0152495 -27.25 1 
0.0162054 -28 1 

0.0162054 -28 1 
0.0172412 -28.75 1 

0.0172412 -28.75 1 
0.0183651 -29.5 1 

0.0183651 -29.5 1 
0.0195858 -30.25 1 

0.0195858 -30.25 1 
0.02 -30.4886 1 

0.0209131 -31 1 
0.02 -30.4886 1 

0.0209131 -31 1 
0.0223578 -31.75 1 

0.0223578 -31.75 1 
0.0239319 -32.5 1 

0.0239319 -32.5 1 
0.0256484 -33.25 1 

0.0256484 -33.25 1 
0.026 -33.3946 1 

0.027522 -34 1 
0.026 -33.3946 1 

0.027522 -34 1 
0.0295684 -34.75 1 

0.0295684 -34.75 1 
0.0318053 -35.5 1 

0.0318053 -35.5 1 
0.032 -35.5617 1 

0.0342519 -36.25 1 
0.032 -35.5617 1 

0.0342519 -36.25 1 
0.0369293 -37 1 

0.0369293 -37 1 
0.038 -37.2807 1 

0.0398606 -37.75 1 
0.038 -37.2807 1 

0.0398606 -37.75 1 
0.0430711 -38.5 1 

0.0430711 -38.5 1 
0.044 -38.7041 1 

0.0465881 -39.25 1 
0.044 -38.7041 1 

0.0465881 -39.25 1 
0.05 -39.9172 1 

0.0504415 -40 1 
0.05 -39.9172 1 

0.0504415 -40 1 
0.0546637 -40.75 1 

0.0546637 -40.75 1 
0.056 -40.9735 1 

0.0592894 -41.5 1 
0.056 -40.9735 1 

0.0592894 -41.5 1 
0.062 -41.9095 1 

0.0643563 -42.25 1 
0.062 -41.9095 1 

0.0643563 -42.25 1 
0.068 -42.7501 1 

0.0699044 -43 1 
0.068 -42.7501 1 

0.0699044 -43 1 
0.074 -43.5134 1 

0.0759764 -43.75 1 
0.074 -43.5134 1 

0.0759764 -43.75 1 
0.08 -44.2127 1 

0.0826175 -44.5 1 
0.08 -44.2127 1 

0.0826175 -44.5 1 
0.086 -44.8583 1 

0.0898751 -45.25 1 
0.086 -44.8583 1 

0.0898751 -45.25 1 
0.092 -45.4581 1 

0.0977988 -46 1 
0.092 -45.4581 1 

0.0977988 -46 1 
0.098 -46.0183 1 

0.104 -46.5453 1 
0.098 -46.0183 1 

0.10644 -46.75 1 
0.104 -46.5453 1 

0.10644 -46.75 1 
0.11 -47.0421 1 

0.11585 -47.5 1 
0.11 -47.0421 1 

0.11585 -47.5 1 
0.116 -47.5115 1 

0.122 -47.9592 1 
0.116 -47.5115 1 

0.126082 -48.25 1 
0.122 -47.9592 1 

0.126082 -48.25 1 
0.128 -48.3846 1 

0.134 -48.7918 1 
0.128 -48.3846 1 

0.137188 -49 1 
0.134 -48.7918 1 

0.137188 -49 1 
0.14 -49.1816 1 

0.146 -49.5561 1 
0.14 -49.1816 1 

0.149219 -49.75 1 
0.146 -49.5561 1 

0.149219 -49.75 1 
0.152 -49.9163 1 

0.158 -50.264 1 
0.152 -49.9163 1 

0.162223 -50.5 1 
0.158 -50.264 1 

0.162223 -50.5 1 
0.164 -50.5989 1 

0.17 -50.9244 1 
0.164 -50.5989 1 

0.176 -51.2376 1 
0.17 -50.9244 1 

0.176243 -51.25 1 
0.176 -51.2376 1 

0.176243 -51.25 1 
0.182 -51.5444 1 

0.188 -51.8406 1 
0.182 -51.5444 1 

0.191317 -52 1 
0.188 -51.8406 1 

0.191317 -52 1 
0.194 -52.1291 1 

0.2 -52.4111 1 
0.194 -52.1291 1 

0.206 -52.6841 1 
0.2 -52.4111 1 

0.207478 -52.75 1 
0.206 -52.6841 1 

0.207478 -52.75 1 
0.212 -52.9526 1 

0.218 -53.2146 1 
0.212 -52.9526 1 

0.224 -53.4689 1 
0.218 -53.2146 1 

0.224745 -53.5 1 
0.224 -53.4689 1 

0.224745 -53.5 1 
0.23 -53.7207 1 

0.236 -53.9664 1 
0.23 -53.7207 1 

0.242 -54.2056 1 
0.236 -53.9664 1 

0.243131 -54.25 1 
0.242 -54.2056 1 

0.243131 -54.25 1 
0.248 -54.4429 1 

0.254 -54.6753 1 
0.248 -54.4429 1 

0.26 -54.9022 1 
0.254 -54.6753 1 

0.262632 -55 1 
0.26 -54.9022 1 

0.262632 -55 1 
0.266 -55.1266 1 

0.272 -55.3481 1 
0.266 -55.1266 1 

0.278 -55.5648 1 
0.272 -55.3481 1 

0.283233 -55.75 1 
0.278 -55.5648 1 

0.283233 -55.75 1 
0.284 -55.7775 1 

0.29 -55.9901 1 
0.284 -55.7775 1 

0.296 -56.1985 1 
0.29 -55.9901 1 

0.302 -56.4027 1 
0.296 -56.1985 1 

0.304899 -56.5 1 
0.302 -56.4027 1 

0.304899 -56.5 1 
0.308 -56.6056 1 

0.314 -56.8071 1 
0.308 -56.6056 1 

0.32 -57.005 1 
0.314 -56.8071 1 

0.326 -57.1993 1 
0.32 -57.005 1 

0.327582 -57.25 1 
0.326 -57.1993 1 

0.327582 -57.25 1 
0.332 -57.3939 1 

0.338 -57.5866 1 
0.332 -57.3939 1 

0.344 -57.7762 1 
0.338 -57.5866 1 

0.35 -57.9627 1 
0.344 -57.7762 1 

0.351212 -58 1 
0.35 -57.9627 1 

0.351212 -58 1 
0.356 -58.1502 1 

0.362 -58.3359 1 
0.356 -58.1502 1 

0.368 -58.5189 1 
0.362 -58.3359 1 

0.374 -58.6992 1 
0.368 -58.5189 1 

0.375705 -58.75 1 
0.374 -58.6992 1 

0.375705 -58.75 1 
0.38 -58.8805 1 

0.386 -59.0608 1 
0.38 -58.8805 1 

0.392 -59.2387 1 
0.386 -59.0608 1 

0.398 -59.4143 1 
0.392 -59.2387 1 

0.400955 -59.5 1 
0.398 -59.4143 1 

0.400955 -59.5 1 
0.404 -59.5902 1 

0.41 -59.7663 1 
0.404 -59.5902 1 

0.416 -59.9404 1 
0.41 -59.7663 1 

0.422 -60.1125 1 
0.416 -59.9404 1 

0.426843 -60.25 1 
0.422 -60.1125 1 

0.426843 -60.25 1 
0.428 -60.2836 1 

0.434 -60.4568 1 
0.428 -60.2836 1 

0.44 -60.6281 1 
0.434 -60.4568 1 

0.446 -60.7978 1 
0.44 -60.6281 1 

0.452 -60.9657 1 
0.446 -60.7978 1 

0.453233 -61 1 
0.452 -60.9657 1 

0.453233 -61 1 
0.458 -61.1359 1 

0.464 -61.3055 1 
0.458 -61.1359 1 

0.47 -61.4736 1 
0.464 -61.3055 1 

0.476 -61.6403 1 
0.47 -61.4736 1 

0.47998 -61.75 1 
0.476 -61.6403 1 

0.47998 -61.75 1 
0.482 -61.8071 1 

0.488 -61.9759 1 
0.482 -61.8071 1 

0.494 -62.1434 1 
0.488 -61.9759 1 

0.5 -62.3097 1 
0.494 -62.1434 1 

0.506 -62.4746 1 
0.5 -62.3097 1 

0.506926 -62.5 1 
0.506 -62.4746 1 

0.506926 -62.5 1 
0.512 -62.6427 1 

0.518 -62.8104 1 
0.512 -62.6427 1 

0.524 -62.977 1 
0.518 -62.8104 1 

0.53 -63.1426 1 
0.524 -62.977 1 

0.533912 -63.25 1 
0.53 -63.1426 1 

0.533912 -63.25 1 
0.536 -63.3089 1 

0.542 -63.4777 1 
0.536 -63.3089 1 

0.548 -63.6455 1 
0.542 -63.4777 1 

0.554 -63.8125 1 
0.548 -63.6455 1 

0.56 -63.9786 1 
0.554 -63.8125 1 

0.560774 -64 1 
0.56 -63.9786 1 

0.560774 -64 1 
0.566 -64.1485 1 

0.572 -64.3184 1 
0.566 -64.1485 1 

0.578 -64.4876 1 
0.572 -64.3184 1 

0.584 -64.6562 1 
0.578 -64.4876 1 

0.587351 -64.75 1 
0.584 -64.6562 1 

0.587351 -64.75 1 
0.59 -64.8264 1 

0.596 -64.9991 1 
0.59 -64.8264 1 

0.602 -65.1714 1 
0.596 -64.9991 1 

0.608 -65.3432 1 
0.602 -65.1714 1 

0.613491 -65.5 1 
0.608 -65.3432 1 

0.613491 -65.5 1 
0.614 -65.515 1 

0.62 -65.6915 1 
0.614 -65.515 1 

0.626 -65.8677 1 
0.62 -65.6915 1 

0.632 -66.0436 1 
0.626 -65.8677 1 

0.638 -66.2193 1 
0.632 -66.0436 1 

0.639049 -66.25 1 
0.638 -66.2193 1 

0.639049 -66.25 1 
0.644 -66.3995 1 

0.65 -66.5807 1 
0.644 -66.3995 1 

0.656 -66.7618 1 
0.65 -66.5807 1 

0.662 -66.9429 1 
0.656 -66.7618 1 

0.663893 -67 1 
0.662 -66.9429 1 

0.663893 -67 1 
0.668 -67.128 1 

0.674 -67.3153 1 
0.668 -67.128 1 

0.68 -67.5027 1 
0.674 -67.3153 1 

0.686 -67.6903 1 
0.68 -67.5027 1 

0.687908 -67.75 1 
0.686 -67.6903 1 

0.687908 -67.75 1 
0.692 -67.8824 1 

0.698 -68.077 1 
0.692 -67.8824 1 

0.704 -68.272 1 
0.698 -68.077 1 

0.71 -68.4675 1 
0.704 -68.272 1 

0.710995 -68.5 1 
0.71 -68.4675 1 

0.710995 -68.5 1 
0.716 -68.6691 1 

0.722 -68.8725 1 
0.716 -68.6691 1 

0.728 -69.0767 1 
0.722 -68.8725 1 

0.733073 -69.25 1 
0.728 -69.0767 1 

0.733073 -69.25 1 
0.734 -69.2828 1 

0.74 -69.4958 1 
0.734 -69.2828 1 

0.746 -69.7099 1 
0.74 -69.4958 1 

0.752 -69.9251 1 
0.746 -69.7099 1 

0.75408 -70 1 
0.752 -69.9251 1 

0.75408 -70 1 
0.758 -70.1465 1 

0.764 -70.3719 1 
0.758 -70.1465 1 

0.77 -70.5989 1 
0.764 -70.3719 1 

0.773971 -70.75 1 
0.77 -70.5989 1 

0.773971 -70.75 1 
0.776 -70.8302 1 

0.782 -71.0687 1 
0.776 -70.8302 1 

0.788 -71.3093 1 
0.782 -71.0687 1 

0.79272 -71.5 1 
0.788 -71.3093 1 

0.79272 -71.5 1 
0.794 -71.5538 1 

0.8 -71.8075 1 
0.794 -71.5538 1 

0.806 -72.0639 1 
0.8 -71.8075 1 

0.810316 -72.25 1 
0.806 -72.0639 1 

0.810316 -72.25 1 
0.812 -72.3256 1 

0.818 -72.5971 1 
0.812 -72.3256 1 

0.824 -72.8721 1 
0.818 -72.5971 1 

0.826764 -73 1 
0.824 -72.8721 1 

0.826764 -73 1 
0.83 -73.1561 1 

0.836 -73.4488 1 
0.83 -73.1561 1 

0.842 -73.746 1 
0.836 -73.4488 1 

0.842079 -73.75 1 
0.842 -73.746 1 

0.842079 -73.75 1 
0.848 -74.0587 1 

0.854 -74.377 1 
0.848 -74.0587 1 

0.85629 -74.5 1 
0.854 -74.377 1 

0.85629 -74.5 1 
0.86 -74.7084 1 

0.866 -75.0509 1 
0.86 -74.7084 1 

0.869432 -75.25 1 
0.866 -75.0509 1 

0.869432 -75.25 1 
0.872 -75.406 1 

0.878 -75.7767 1 
0.872 -75.406 1 

0.881549 -76 1 
0.878 -75.7767 1 

0.881549 -76 1 
0.884 -76.1619 1 

0.89 -76.5656 1 
0.884 -76.1619 1 

0.892688 -76.75 1 
0.89 -76.5656 1 

0.892688 -76.75 1 
0.896 -76.9889 1 

0.902 -77.4321 1 
0.896 -76.9889 1 

0.902903 -77.5 1 
0.902 -77.4321 1 

0.902903 -77.5 1 
0.908 -77.904 1 

0.912247 -78.25 1 
0.908 -77.904 1 

0.912247 -78.25 1 
0.914 -78.4007 1 

0.92 -78.93 1 
0.914 -78.4007 1 

0.920776 -79 1 
0.92 -78.93 1 

0.920776 -79 1 
0.926 -79.4994 1 

0.928546 -79.75 1 
0.926 -79.4994 1 

0.928546 -79.75 1 
0.932 -80.1111 1 

0.935611 -80.5 1 
0.932 -80.1111 1 

0.935611 -80.5 1 
0.938 -80.7741 1 

0.942024 -81.25 1 
0.938 -80.7741 1 

0.942024 -81.25 1 
0.944 -81.4998 1 

0.947836 -82 1 
0.944 -81.4998 1 

0.947836 -82 1 
0.95 -82.3027 1 

0.953097 -82.75 1 
0.95 -82.3027 1 

0.953097 -82.75 1 
0.956 -83.2019 1 

0.957853 -83.5 1 
0.956 -83.2019 1 

0.957853 -83.5 1 
0.962 -84.2234 1 

0.962148 -84.25 1 
0.962 -84.2234 1 


# Y-nullcline
1.088 -24.9466 2 
1.08552 -25 2 

1.094 -24.8178 2 
1.088 -24.9466 2 

1.1 -24.6894 2 
1.094 -24.8178 2 

1.052 -25.729 2 
1.05104 -25.75 2 

1.058 -25.5975 2 
1.052 -25.729 2 

1.064 -25.4664 2 
1.058 -25.5975 2 

1.07 -25.3358 2 
1.064 -25.4664 2 

1.076 -25.2056 2 
1.07 -25.3358 2 

1.082 -25.0759 2 
1.076 -25.2056 2 

1.08552 -25 2 
1.082 -25.0759 2 

1.022 -26.3936 2 
1.01724 -26.5 2 

1.028 -26.2597 2 
1.022 -26.3936 2 

1.034 -26.1263 2 
1.028 -26.2597 2 

1.04 -25.9934 2 
1.034 -26.1263 2 

1.046 -25.861 2 
1.04 -25.9934 2 

1.05104 -25.75 2 
1.046 -25.861 2 

0.986 -27.2066 2 
0.984098 -27.25 2 

0.992 -27.0699 2 
0.986 -27.2066 2 

0.998 -26.9336 2 
0.992 -27.0699 2 

1.004 -26.7979 2 
0.998 -26.9336 2 

1.01 -26.6626 2 
1.004 -26.7979 2 

1.016 -26.5279 2 
1.01 -26.6626 2 

1.01724 -26.5 2 
1.016 -26.5279 2 

0.956 -27.8974 2 
0.951591 -28 2 

0.962 -27.7583 2 
0.956 -27.8974 2 

0.968 -27.6196 2 
0.962 -27.7583 2 

0.974 -27.4814 2 
0.968 -27.6196 2 

0.98 -27.3438 2 
0.974 -27.4814 2 

0.984098 -27.25 2 
0.98 -27.3438 2 

0.92 -28.743 2 
0.919703 -28.75 2 

0.926 -28.6008 2 
0.92 -28.743 2 

0.932 -28.4591 2 
0.926 -28.6008 2 

0.938 -28.3179 2 
0.932 -28.4591 2 

0.944 -28.1772 2 
0.938 -28.3179 2 

0.95 -28.0371 2 
0.944 -28.1772 2 

0.951591 -28 2 
0.95 -28.0371 2 

0.89 -29.4617 2 
0.888417 -29.5 2 

0.896 -29.3169 2 
0.89 -29.4617 2 

0.902 -29.1726 2 
0.896 -29.3169 2 

0.908 -29.0289 2 
0.902 -29.1726 2 

0.914 -28.8857 2 
0.908 -29.0289 2 

0.919703 -28.75 2 
0.914 -28.8857 2 

0.86 -30.1937 2 
0.857715 -30.25 2 

0.866 -30.0462 2 
0.86 -30.1937 2 

0.872 -29.8993 2 
0.866 -30.0462 2 

0.878 -29.7529 2 
0.872 -29.8993 2 

0.884 -29.607 2 
0.878 -29.7529 2 

0.888417 -29.5 2 
0.884 -29.607 2 

0.83 -30.9393 2 
0.827582 -31 2 

0.836 -30.7891 2 
0.83 -30.9393 2 

0.842 -30.6394 2 
0.836 -30.7891 2 

0.848 -30.4903 2 
0.842 -30.6394 2 

0.854 -30.3417 2 
0.848 -30.4903 2 

0.857715 -30.25 2 
0.854 -30.3417 2 

0.8 -31.6989 2 
0.798002 -31.75 2 

0.806 -31.5458 2 
0.8 -31.6989 2 

0.812 -31.3934 2 
0.806 -31.5458 2 

0.818 -31.2414 2 
0.812 -31.3934 2 

0.824 -31.0901 2 
0.818 -31.2414 2 

0.827582 -31 2 
0.824 -31.0901 2 

0.77 -32.4729 2 
0.76896 -32.5 2 

0.776 -32.3169 2 
0.77 -32.4729 2 

0.782 -32.1615 2 
0.776 -32.3169 2 

0.788 -32.0068 2 
0.782 -32.1615 2 

0.794 -31.8525 2 
0.788 -32.0068 2 

0.798002 -31.75 2 
0.794 -31.8525 2 

0.746 -33.1027 2 
0.740441 -33.25 2 

0.752 -32.9444 2 
0.746 -33.1027 2 

0.758 -32.7866 2 
0.752 -32.9444 2 

0.764 -32.6295 2 
0.758 -32.7866 2 

0.76896 -32.5 2 
0.764 -32.6295 2 

0.716 -33.9037 2 
0.712431 -34 2 

0.722 -33.7423 2 
0.716 -33.9037 2 

0.728 -33.5815 2 
0.722 -33.7423 2 

0.734 -33.4213 2 
0.728 -33.5815 2 

0.74 -33.2617 2 
0.734 -33.4213 2 

0.740441 -33.25 2 
0.74 -33.2617 2 

0.686 -34.7202 2 
0.684917 -34.75 2 

0.692 -34.5556 2 
0.686 -34.7202 2 

0.698 -34.3917 2 
0.692 -34.5556 2 

0.704 -34.2284 2 
0.698 -34.3917 2 

0.71 -34.0657 2 
0.704 -34.2284 2 

0.712431 -34 2 
0.71 -34.0657 2 

0.662 -35.385 2 
0.657886 -35.5 2 

0.668 -35.2178 2 
0.662 -35.385 2 

0.674 -35.0513 2 
0.668 -35.2178 2 

0.68 -34.8854 2 
0.674 -35.0513 2 

0.684917 -34.75 2 
0.68 -34.8854 2 

0.632 -36.2308 2 
0.631324 -36.25 2 

0.638 -36.0603 2 
0.632 -36.2308 2 

0.644 -35.8904 2 
0.638 -36.0603 2 

0.65 -35.7213 2 
0.644 -35.8904 2 

0.656 -35.5528 2 
0.65 -35.7213 2 

0.657886 -35.5 2 
0.656 -35.5528 2 

0.608 -36.9195 2 
0.605221 -37 2 

0.614 -36.7463 2 
0.608 -36.9195 2 

0.62 -36.5738 2 
0.614 -36.7463 2 

0.626 -36.4019 2 
0.62 -36.5738 2 

0.631324 -36.25 2 
0.626 -36.4019 2 

0.584 -37.6194 2 
0.579564 -37.75 2 

0.59 -37.4434 2 
0.584 -37.6194 2 

0.596 -37.2681 2 
0.59 -37.4434 2 

0.602 -37.0935 2 
0.596 -37.2681 2 

0.605221 -37 2 
0.602 -37.0935 2 

0.56 -38.3306 2 
0.554342 -38.5 2 

0.566 -38.1518 2 
0.56 -38.3306 2 

0.572 -37.9736 2 
0.566 -38.1518 2 

0.578 -37.7961 2 
0.572 -37.9736 2 

0.579564 -37.75 2 
0.578 -37.7961 2 

0.53 -39.2361 2 
0.529544 -39.25 2 

0.536 -39.0535 2 
0.53 -39.2361 2 

0.542 -38.8717 2 
0.536 -39.0535 2 

0.548 -38.6906 2 
0.542 -38.8717 2 

0.554 -38.5103 2 
0.548 -38.6906 2 

0.554342 -38.5 2 
0.554 -38.5103 2 

0.506 -39.9739 2 
0.505159 -40 2 

0.512 -39.7883 2 
0.506 -39.9739 2 

0.518 -39.6035 2 
0.512 -39.7883 2 

0.524 -39.4194 2 
0.518 -39.6035 2 

0.529544 -39.25 2 
0.524 -39.4194 2 

0.482 -40.7241 2 
0.481177 -40.75 2 

0.488 -40.5353 2 
0.482 -40.7241 2 

0.494 -40.3474 2 
0.488 -40.5353 2 

0.5 -40.1603 2 
0.494 -40.3474 2 

0.505159 -40 2 
0.5 -40.1603 2 

0.458 -41.4868 2 
0.457588 -41.5 2 

0.464 -41.2949 2 
0.458 -41.4868 2 

0.47 -41.1038 2 
0.464 -41.2949 2 

0.476 -40.9135 2 
0.47 -41.1038 2 

0.481177 -40.75 2 
0.476 -40.9135 2 

0.44 -42.0673 2 
0.434383 -42.25 2 

0.446 -41.873 2 
0.44 -42.0673 2 

0.452 -41.6795 2 
0.446 -41.873 2 

0.457588 -41.5 2 
0.452 -41.6795 2 

0.416 -42.8529 2 
0.411552 -43 2 

0.422 -42.6553 2 
0.416 -42.8529 2 

0.428 -42.4585 2 
0.422 -42.6553 2 

0.434 -42.2625 2 
0.428 -42.4585 2 

0.434383 -42.25 2 
0.434 -42.2625 2 

0.392 -43.6521 2 
0.389086 -43.75 2 

0.398 -43.451 2 
0.392 -43.6521 2 

0.404 -43.2508 2 
0.398 -43.451 2 

0.41 -43.0514 2 
0.404 -43.2508 2 

0.411552 -43 2 
0.41 -43.0514 2 

0.368 -44.465 2 
0.366977 -44.5 2 

0.374 -44.2605 2 
0.368 -44.465 2 

0.38 -44.0568 2 
0.374 -44.2605 2 

0.386 -43.854 2 
0.38 -44.0568 2 

0.389086 -43.75 2 
0.386 -43.854 2 

0.35 -45.0841 2 
0.345217 -45.25 2 

0.356 -44.8769 2 
0.35 -45.0841 2 

0.362 -44.6705 2 
0.356 -44.8769 2 

0.366977 -44.5 2 
0.362 -44.6705 2 

0.326 -45.9223 2 
0.323796 -46 2 

0.332 -45.7114 2 
0.326 -45.9223 2 

0.338 -45.5014 2 
0.332 -45.7114 2 

0.344 -45.2923 2 
0.338 -45.5014 2 

0.345217 -45.25 2 
0.344 -45.2923 2 

0.308 -46.5607 2 
0.302707 -46.75 2 

0.314 -46.3469 2 
0.308 -46.5607 2 

0.32 -46.1341 2 
0.314 -46.3469 2 

0.323796 -46 2 
0.32 -46.1341 2 

0.284 -47.4252 2 
0.281943 -47.5 2 

0.29 -47.2076 2 
0.284 -47.4252 2 

0.296 -46.991 2 
0.29 -47.2076 2 

0.302 -46.7753 2 
0.296 -46.991 2 

0.302707 -46.75 2 
0.302 -46.7753 2 

0.266 -48.0838 2 
0.261495 -48.25 2 

0.272 -47.8633 2 
0.266 -48.0838 2 

0.278 -47.6437 2 
0.272 -47.8633 2 

0.281943 -47.5 2 
0.278 -47.6437 2 

0.242 -48.9759 2 
0.241358 -49 2 

0.248 -48.7514 2 
0.242 -48.9759 2 

0.254 -48.5278 2 
0.248 -48.7514 2 

0.26 -48.3053 2 
0.254 -48.5278 2 

0.261495 -48.25 2 
0.26 -48.3053 2 

0.224 -49.6557 2 
0.221523 -49.75 2 

0.23 -49.4281 2 
0.224 -49.6557 2 

0.236 -49.2015 2 
0.23 -49.4281 2 

0.241358 -49 2 
0.236 -49.2015 2 

0.206 -50.3449 2 
0.201985 -50.5 2 

0.212 -50.1142 2 
0.206 -50.3449 2 

0.218 -49.8844 2 
0.212 -50.1142 2 

0.221523 -49.75 2 
0.218 -49.8844 2 

0.188 -51.0438 2 
0.182735 -51.25 2 

0.194 -50.8097 2 
0.188 -51.0438 2 

0.2 -50.5768 2 
0.194 -50.8097 2 

0.201985 -50.5 2 
0.2 -50.5768 2 

0.164 -51.9908 2 
0.163769 -52 2 

0.17 -51.7524 2 
0.164 -51.9908 2 

0.176 -51.5151 2 
0.17 -51.7524 2 

0.182 -51.2789 2 
0.176 -51.5151 2 

0.182735 -51.25 2 
0.182 -51.2789 2 

0.146 -52.7128 2 
0.14508 -52.75 2 

0.152 -52.471 2 
0.146 -52.7128 2 

0.158 -52.2304 2 
0.152 -52.471 2 

0.163769 -52 2 
0.158 -52.2304 2 

0.128 -53.4451 2 
0.126662 -53.5 2 

0.134 -53.1999 2 
0.128 -53.4451 2 

0.14 -52.9558 2 
0.134 -53.1999 2 

0.14508 -52.75 2 
0.14 -52.9558 2 

0.11 -54.188 2 
0.108509 -54.25 2 

0.116 -53.9392 2 
0.11 -54.188 2 

0.122 -53.6916 2 
0.116 -53.9392 2 

0.126662 -53.5 2 
0.122 -53.6916 2 

0.092 -54.9415 2 
0.0906145 -55 2 

0.098 -54.6891 2 
0.092 -54.9415 2 

0.104 -54.438 2 
0.098 -54.6891 2 

0.108509 -54.25 2 
0.104 -54.438 2 

0.074 -55.7061 2 
0.0729744 -55.75 2 

0.08 -55.45 2 
0.074 -55.7061 2 

0.086 -55.1952 2 
0.08 -55.45 2 

0.0906145 -55 2 
0.086 -55.1952 2 

0.056 -56.4819 2 
0.0555826 -56.5 2 

0.062 -56.222 2 
0.056 -56.4819 2 

0.068 -55.9634 2 
0.062 -56.222 2 

0.0729744 -55.75 2 
0.068 -55.9634 2 

0.044 -57.0054 2 
0.0384341 -57.25 2 

0.05 -56.743 2 
0.044 -57.0054 2 

0.0555826 -56.5 2 
0.05 -56.743 2 

0.026 -57.8005 2 
0.0215238 -58 2 

0.032 -57.5341 2 
0.026 -57.8005 2 

0.038 -57.2691 2 
0.032 -57.5341 2 

0.0384341 -57.25 2 
0.038 -57.2691 2 

0.008 -58.6074 2 
0.00484676 -58.75 2 

0.014 -58.3371 2 
0.008 -58.6074 2 

0.02 -58.0681 2 
0.014 -58.3371 2 

0.0215238 -58 2 
0.02 -58.0681 2 

-0.01 -59.4265 2 
-0.0116019 -59.5 2 

-0.004 -59.1521 2 
-0.01 -59.4265 2 

0.002 -58.8791 2 
-0.004 -59.1521 2 

0.00484676 -58.75 2 
0.002 -58.8791 2 

-0.022 -59.9795 2 
-0.0278267 -60.25 2 

-0.016 -59.7023 2 
-0.022 -59.9795 2 

-0.0116019 -59.5 2 
-0.016 -59.7023 2 

-0.04 -60.8195 2 
-0.0438323 -61 2 

-0.034 -60.5381 2 
-0.04 -60.8195 2 

-0.028 -60.2581 2 
-0.034 -60.5381 2 

-0.0278267 -60.25 2 
-0.028 -60.2581 2 

-0.058 -61.6724 2 
-0.059623 -61.75 2 

-0.052 -61.3867 2 
-0.058 -61.6724 2 

-0.046 -61.1024 2 
-0.052 -61.3867 2 

-0.0438323 -61 2 
-0.046 -61.1024 2 

-0.07 -62.2484 2 
-0.0752032 -62.5 2 

-0.064 -61.9597 2 
-0.07 -62.2484 2 

-0.059623 -61.75 2 
-0.064 -61.9597 2 

-0.088 -63.1236 2 
-0.090577 -63.25 2 

-0.082 -62.8303 2 
-0.088 -63.1236 2 

-0.076 -62.5386 2 
-0.082 -62.8303 2 

-0.0752032 -62.5 2 
-0.076 -62.5386 2 

-0.094 -63.4184 2 
-0.1 -63.7147 2 

